0	0.105957
0	0.167376
0	0.058967
0	0.134225
0	0.140363
0	0.106834
0	0.139907
0	0.064655
0	0.141352
0	0.120880
0	0.113092
0	0.238769
0	0.121094
0	0.123330
0	0.113705
0	0.119572
0	0.035551
0	0.119808
0	0.146237
0	0.113088
1	0.166622
1	0.184104
1	0.132887
1	0.170452
1	0.138098
1	0.157176
1	0.135469
1	0.148392
1	0.178726
1	0.141352
1	0.153744
1	0.140363
1	0.146237
1	0.137951
1	0.171198
1	0.147332
1	0.139834
1	0.142058
1	0.133316
1	0.159272
2	0.200678
2	0.155389
2	0.194013
2	0.206565
2	0.153437
2	0.167701
2	0.177851
2	0.170452
2	0.094992
2	0.206111
2	0.184104
2	0.184106
2	0.172446
2	0.139988
2	0.184104
2	0.178726
2	0.148523
2	0.183039
2	0.196269
2	0.183814
3	0.165072
3	0.206565
3	0.193301
3	0.211196
3	0.206565
3	0.223250
3	0.206277
3	0.190204
3	0.140840
3	0.141598
3	0.196863
3	0.181925
3	0.143289
3	0.233091
3	0.214491
3	0.148410
3	0.199022
3	0.175963
3	0.206565
3	0.196546
4	0.221368
4	0.233091
4	0.225311
4	0.165780
4	0.214491
4	0.227939
4	0.271189
4	0.217338
4	0.202649
4	0.223250
4	0.233091
4	0.206565
4	0.206565
4	0.214008
4	0.217408
4	0.206565
4	0.164256
4	0.180375
4	0.233091
4	0.214491
5	0.233091
5	0.227939
5	0.233091
5	0.141615
5	0.233091
5	0.233091
5	0.271181
5	0.271189
5	0.233091
5	0.234356
5	0.229685
5	0.233091
5	0.271189
5	0.233091
5	0.271189
5	0.233091
5	0.272194
5	0.227939
5	0.233091
5	0.258924
6	0.271178
6	0.271189
6	0.266768
6	0.276397
6	0.271181
6	0.271189
6	0.271181
6	0.274663
6	0.272426
6	0.271189
6	0.272194
6	0.249119
6	0.271189
6	0.271189
6	0.272426
6	0.263060
6	0.271189
6	0.257611
6	0.245727
6	0.272194
7	0.272194
7	0.277126
7	0.272426
7	0.275351
7	0.276455
7	0.272426
7	0.267963
7	0.272426
7	0.272094
7	0.281993
7	0.272194
7	0.278440
7	0.272023
7	0.275395
7	0.271084
7	0.278440
7	0.271189
7	0.269085
7	0.269490
7	0.274663
8	0.277126
8	0.278051
8	0.275345
8	0.278440
8	0.276887
8	0.278440
8	0.276265
8	0.276397
8	0.278499
8	0.277592
8	0.276265
8	0.271279
8	0.276265
8	0.277595
8	0.282129
8	0.284539
8	0.281993
8	0.288173
8	0.282940
8	0.287825
9	0.282344
9	0.282129
9	0.288173
9	0.277189
9	0.281745
9	0.284539
9	0.293799
9	0.241508
9	0.300888
9	0.286934
9	0.310531
9	0.273896
9	0.284786
9	0.281576
9	0.273896
9	0.295040
9	0.277189
9	0.277189
9	0.281066
9	0.300318
10	0.283907
10	0.292918
10	0.309858
10	0.296216
10	0.288615
10	0.307790
10	0.293799
10	0.296869
10	0.295040
10	0.293799
10	0.300888
10	0.303395
10	0.313319
10	0.295040
10	0.313903
10	0.313195
10	0.300891
10	0.293334
10	0.300075
10	0.310531
11	0.313319
11	0.313319
11	0.314765
11	0.309858
11	0.313319
11	0.309373
11	0.308647
11	0.309858
11	0.313319
11	0.313195
11	0.319764
11	0.273278
11	0.313903
11	0.262205
11	0.313903
11	0.313903
11	0.314529
11	0.300848
11	0.326362
11	0.186958
12	0.314529
12	0.307615
12	0.314529
12	0.313296
12	0.309473
12	0.323720
12	0.314390
12	0.256935
12	0.312602
12	0.301986
12	0.314529
12	0.320978
12	0.313517
12	0.314529
12	0.313858
12	0.305264
12	0.313319
12	0.313319
12	0.322565
12	0.300338
13	0.321561
13	0.292686
13	0.348803
13	0.322565
13	0.270738
13	0.318725
13	0.324446
13	0.299189
13	0.314529
13	0.314529
13	0.314529
13	0.321488
13	0.322868
13	0.320978
13	0.323720
13	0.314529
13	0.304929
13	0.314529
13	0.315663
13	0.324771
14	0.311151
14	0.323720
14	0.324771
14	0.348803
14	0.348803
14	0.323720
14	0.317209
14	0.303786
14	0.324143
14	0.347758
14	0.270271
14	0.324771
14	0.305521
14	0.348803
14	0.324771
14	0.324771
14	0.348803
14	0.324037
14	0.347881
14	0.303238
15	0.365133
15	0.340890
15	0.347256
15	0.348803
15	0.348803
15	0.356036
15	0.348803
15	0.348803
15	0.359718
15	0.348681
15	0.348354
15	0.348803
15	0.331431
15	0.348803
15	0.332177
15	0.348803
15	0.340154
15	0.348803
15	0.348803
15	0.348803
16	0.359718
16	0.359282
16	0.323268
16	0.348803
16	0.365133
16	0.356036
16	0.239476
16	0.348803
16	0.355265
16	0.356036
16	0.350186
16	0.359393
16	0.365126
16	0.359718
16	0.364109
16	0.365074
16	0.362252
16	0.348803
16	0.348688
16	0.359718
17	0.362805
17	0.355265
17	0.365126
17	0.365133
17	0.355174
17	0.365126
17	0.365126
17	0.364109
17	0.361979
17	0.359677
17	0.364109
17	0.366858
17	0.377043
17	0.365133
17	0.341916
17	0.365074
17	0.345011
17	0.365114
17	0.355174
17	0.365133
18	0.365133
18	0.377043
18	0.365133
18	0.364064
18	0.365133
18	0.318573
18	0.364158
18	0.365133
18	0.356664
18	0.377043
18	0.366858
18	0.367724
18	0.377043
18	0.334531
18	0.365133
18	0.365133
18	0.258357
18	0.362165
18	0.365133
18	0.365133
19	0.377043
19	0.377043
19	0.369052
19	0.378727
19	0.367724
19	0.377043
19	0.358675
19	0.377043
19	0.377043
19	0.360943
19	0.377043
19	0.361601
19	0.366858
19	0.377043
19	0.377043
19	0.394130
19	0.377043
19	0.377043
19	0.366858
19	0.377043
20	0.377043
20	0.373834
20	0.377043
20	0.377196
20	0.367699
20	0.377920
20	0.394130
20	0.319714
20	0.377043
20	0.377043
20	0.377043
20	0.377043
20	0.377043
20	0.377043
20	0.378409
20	0.394130
20	0.394130
20	0.376036
20	0.375464
20	0.377043
21	0.408179
21	0.394130
21	0.377043
21	0.377783
21	0.377043
21	0.378545
21	0.394130
21	0.394130
21	0.394130
21	0.338355
21	0.352976
21	0.389364
21	0.394130
21	0.394130
21	0.394130
21	0.379448
21	0.394130
21	0.389583
21	0.394130
21	0.395265
22	0.408179
22	0.398468
22	0.408179
22	0.395265
22	0.394130
22	0.394130
22	0.326568
22	0.394130
22	0.394420
22	0.408179
22	0.373792
22	0.394130
22	0.408187
22	0.394130
22	0.369424
22	0.386304
22	0.396301
22	0.394130
22	0.394130
22	0.395265
23	0.407235
23	0.408179
23	0.410141
23	0.395495
23	0.412332
23	0.408179
23	0.398468
23	0.408187
23	0.398541
23	0.398468
23	0.345676
23	0.408187
23	0.408179
23	0.395944
23	0.398468
23	0.398468
23	0.360608
23	0.408187
23	0.408187
23	0.405463
24	0.412332
24	0.408187
24	0.329831
24	0.410141
24	0.409470
24	0.412332
24	0.409002
24	0.408189
24	0.408187
24	0.412332
24	0.402383
24	0.408187
24	0.351630
24	0.408187
24	0.414479
24	0.408187
24	0.361304
24	0.412332
24	0.410141
24	0.405090
25	0.412332
25	0.412332
25	0.414479
25	0.412332
25	0.412332
25	0.361831
25	0.416076
25	0.412332
25	0.412332
25	0.412332
25	0.411960
25	0.411584
25	0.404996
25	0.414479
25	0.412332
25	0.396275
25	0.409355
25	0.411482
25	0.412332
25	0.415703
26	0.412332
26	0.416060
26	0.417049
26	0.414479
26	0.415703
26	0.414479
26	0.388215
26	0.411021
26	0.414479
26	0.414479
26	0.417963
26	0.412022
26	0.414479
26	0.416076
26	0.394482
26	0.413370
26	0.414479
26	0.411181
26	0.412332
26	0.417252
27	0.417252
27	0.399563
27	0.417643
27	0.414141
27	0.417252
27	0.417963
27	0.416076
27	0.416076
27	0.417049
27	0.418026
27	0.429485
27	0.414479
27	0.417963
27	0.418156
27	0.418026
27	0.417963
27	0.431260
27	0.416076
27	0.416076
27	0.414966
28	0.432610
28	0.305047
28	0.429485
28	0.410320
28	0.412366
28	0.431355
28	0.418156
28	0.428048
28	0.431260
28	0.427004
28	0.418156
28	0.424947
28	0.417361
28	0.418156
28	0.418026
28	0.398336
28	0.421603
28	0.418156
28	0.418156
28	0.418026
29	0.443631
29	0.422935
29	0.417252
29	0.431647
29	0.431355
29	0.432610
29	0.427365
29	0.432610
29	0.426513
29	0.431258
29	0.415703
29	0.429060
29	0.355068
29	0.431260
29	0.416859
29	0.427365
29	0.432610
29	0.432610
29	0.415703
29	0.431260
30	0.432610
30	0.442791
30	0.443631
30	0.375037
30	0.409858
30	0.443631
30	0.429265
30	0.443631
30	0.432610
30	0.432602
30	0.443631
30	0.443631
30	0.443631
30	0.432610
30	0.432610
30	0.443631
30	0.432610
30	0.405816
30	0.432610
30	0.432610
31	0.443631
31	0.452113
31	0.444761
31	0.443631
31	0.443629
31	0.443631
31	0.410759
31	0.442392
31	0.443787
31	0.443631
31	0.443631
31	0.447628
31	0.439457
31	0.443631
31	0.443631
31	0.443631
31	0.443631
31	0.443631
31	0.443631
31	0.435634
32	0.452113
32	0.447628
32	0.443631
32	0.443787
32	0.452113
32	0.443882
32	0.449806
32	0.447966
32	0.412090
32	0.449069
32	0.447628
32	0.444761
32	0.452113
32	0.443631
32	0.447628
32	0.444761
32	0.452776
32	0.444493
32	0.443384
32	0.435613
33	0.440077
33	0.452113
33	0.445562
33	0.443595
33	0.452113
33	0.445652
33	0.452780
33	0.452113
33	0.452780
33	0.452776
33	0.423979
33	0.446430
33	0.452776
33	0.450704
33	0.452776
33	0.445046
33	0.452113
33	0.440077
33	0.453113
33	0.452530
34	0.452776
34	0.452776
34	0.429294
34	0.452745
34	0.439002
34	0.452730
34	0.452776
34	0.452776
34	0.452780
34	0.451172
34	0.452182
34	0.453113
34	0.452776
34	0.453139
34	0.452777
34	0.452780
34	0.456786
34	0.452780
34	0.453113
34	0.452776
35	0.453139
35	0.453113
35	0.453113
35	0.444212
35	0.453139
35	0.453139
35	0.448294
35	0.452780
35	0.453139
35	0.423725
35	0.452780
35	0.456786
35	0.437343
35	0.453113
35	0.421635
35	0.453113
35	0.453113
35	0.456786
35	0.458327
35	0.449775
36	0.453113
36	0.456498
36	0.453139
36	0.452780
36	0.438759
36	0.456786
36	0.282743
36	0.412170
36	0.452780
36	0.453139
36	0.447709
36	0.454084
36	0.456786
36	0.459817
36	0.457111
36	0.458327
36	0.445351
36	0.456786
36	0.456786
36	0.456786
37	0.456786
37	0.457111
37	0.456913
37	0.449896
37	0.456913
37	0.458327
37	0.452794
37	0.456752
37	0.459224
37	0.456786
37	0.459817
37	0.456786
37	0.474317
37	0.456786
37	0.463584
37	0.451215
37	0.458327
37	0.454951
37	0.459817
37	0.402466
38	0.458101
38	0.462089
38	0.459817
38	0.459817
38	0.461102
38	0.445258
38	0.474317
38	0.458327
38	0.455118
38	0.462338
38	0.449242
38	0.459817
38	0.459224
38	0.280711
38	0.327488
38	0.470240
38	0.459224
38	0.465624
38	0.463584
38	0.463584
39	0.463584
39	0.470240
39	0.462426
39	0.463379
39	0.470240
39	0.463584
39	0.463584
39	0.457342
39	0.463584
39	0.430779
39	0.463584
39	0.449429
39	0.470240
39	0.470377
39	0.463379
39	0.461145
39	0.470531
39	0.470377
39	0.469755
39	0.463584
40	0.470377
40	0.470377
40	0.471085
40	0.470377
40	0.476879
40	0.460189
40	0.470377
40	0.470964
40	0.470240
40	0.470377
40	0.470240
40	0.470978
40	0.470377
40	0.470240
40	0.473087
40	0.470531
40	0.474219
40	0.459726
40	0.470377
40	0.463944
41	0.468501
41	0.450321
41	0.392582
41	0.475066
41	0.471085
41	0.470377
41	0.474219
41	0.471085
41	0.470978
41	0.454087
41	0.342581
41	0.460048
41	0.470377
41	0.473087
41	0.476879
41	0.470978
41	0.473087
41	0.471027
41	0.450623
41	0.471568
42	0.281844
42	0.470377
42	0.473087
42	0.473100
42	0.470377
42	0.475066
42	0.475066
42	0.475067
42	0.458260
42	0.475066
42	0.476758
42	0.475194
42	0.482643
42	0.470377
42	0.436839
42	0.473087
42	0.480337
42	0.476879
42	0.475138
42	0.474219
43	0.475194
43	0.480868
43	0.427867
43	0.471276
43	0.474246
43	0.475873
43	0.477608
43	0.473100
43	0.476758
43	0.481349
43	0.475194
43	0.474655
43	0.475194
43	0.474246
43	0.480131
43	0.476758
43	0.480337
43	0.474638
43	0.476879
43	0.454409
44	0.458388
44	0.479268
44	0.477608
44	0.325358
44	0.478916
44	0.480868
44	0.483856
44	0.477608
44	0.480868
44	0.481349
44	0.473624
44	0.481349
44	0.482616
44	0.480337
44	0.478206
44	0.480131
44	0.469804
44	0.480131
44	0.471932
44	0.482207
45	0.482207
45	0.483856
45	0.480337
45	0.480140
45	0.483236
45	0.358127
45	0.482207
45	0.483856
45	0.481349
45	0.301883
45	0.445250
45	0.481796
45	0.470870
45	0.481349
45	0.481349
45	0.483605
45	0.483856
45	0.317961
45	0.483205
45	0.481349
46	0.483856
46	0.470154
46	0.483856
46	0.482616
46	0.483605
46	0.483856
46	0.488860
46	0.483570
46	0.479881
46	0.483856
46	0.482234
46	0.483236
46	0.461472
46	0.483236
46	0.453710
46	0.372613
46	0.483856
46	0.481636
46	0.485042
46	0.483856
47	0.483856
47	0.482776
47	0.410439
47	0.485042
47	0.483856
47	0.483856
47	0.483856
47	0.483856
47	0.483856
47	0.482310
47	0.490537
47	0.454365
47	0.486404
47	0.454708
47	0.483856
47	0.488860
47	0.491285
47	0.483856
47	0.483856
47	0.483856
48	0.491285
48	0.338816
48	0.491285
48	0.485315
48	0.481070
48	0.489176
48	0.472728
48	0.485042
48	0.491285
48	0.491209
48	0.490537
48	0.490537
48	0.483856
48	0.485857
48	0.485042
48	0.471547
48	0.488860
48	0.491285
48	0.490537
48	0.490537
49	0.491524
49	0.491285
49	0.491285
49	0.491090
49	0.491285
49	0.478619
49	0.491507
49	0.490198
49	0.491285
49	0.491285
49	0.415478
49	0.491285
49	0.491285
49	0.491209
49	0.491209
49	0.491285
49	0.481695
49	0.491285
49	0.440306
49	0.385868
50	0.491253
50	0.491507
50	0.491285
50	0.491285
50	0.355133
50	0.491285
50	0.491507
50	0.506689
50	0.491285
50	0.491507
50	0.491285
50	0.491285
50	0.491507
50	0.491524
50	0.491285
50	0.491507
50	0.491391
50	0.469398
50	0.491524
50	0.491285
51	0.492030
51	0.482595
51	0.442936
51	0.491507
51	0.491588
51	0.491524
51	0.491285
51	0.491285
51	0.489377
51	0.491524
51	0.440894
51	0.442006
51	0.491588
51	0.491507
51	0.506689
51	0.491524
51	0.506689
51	0.315539
51	0.491524
51	0.462412
52	0.482844
52	0.473812
52	0.378964
52	0.483931
52	0.492030
52	0.487994
52	0.491578
52	0.491588
52	0.506689
52	0.472743
52	0.491507
52	0.487991
52	0.506689
52	0.491507
52	0.491588
52	0.491507
52	0.490449
52	0.490290
52	0.491507
52	0.491588
53	0.460182
53	0.508756
53	0.508756
53	0.490290
53	0.495471
53	0.491588
53	0.501746
53	0.490635
53	0.484189
53	0.508756
53	0.492030
53	0.506689
53	0.469067
53	0.509248
53	0.506689
53	0.508756
53	0.506689
53	0.491588
53	0.496252
53	0.277068
54	0.508756
54	0.507691
54	0.481070
54	0.457821
54	0.508756
54	0.410669
54	0.509248
54	0.487154
54	0.511833
54	0.508756
54	0.508756
54	0.508756
54	0.508756
54	0.508756
54	0.508756
54	0.508756
54	0.482136
54	0.506810
54	0.504174
54	0.508756
55	0.509248
55	0.508753
55	0.447093
55	0.511833
55	0.515444
55	0.508756
55	0.505890
55	0.508756
55	0.509433
55	0.511833
55	0.508756
55	0.511390
55	0.508756
55	0.455298
55	0.507938
55	0.508756
55	0.511833
55	0.508756
55	0.508756
55	0.511833
56	0.511833
56	0.491813
56	0.443543
56	0.511833
56	0.511833
56	0.511833
56	0.511833
56	0.511833
56	0.414012
56	0.427664
56	0.511833
56	0.511833
56	0.511833
56	0.511833
56	0.511303
56	0.515444
56	0.511833
56	0.511833
56	0.510842
56	0.512765
57	0.515444
57	0.512765
57	0.512765
57	0.511833
57	0.511833
57	0.511833
57	0.492531
57	0.511833
57	0.511833
57	0.515444
57	0.515498
57	0.491616
57	0.511833
57	0.517889
57	0.508255
57	0.512765
57	0.513375
57	0.515444
57	0.510605
57	0.383437
58	0.514515
58	0.517947
58	0.502691
58	0.515444
58	0.515498
58	0.515444
58	0.515444
58	0.515444
58	0.517889
58	0.517889
58	0.515444
58	0.509731
58	0.516661
58	0.515444
58	0.517947
58	0.517889
58	0.499714
58	0.515498
58	0.515358
58	0.516381
59	0.516691
59	0.486039
59	0.517889
59	0.517538
59	0.517889
59	0.502708
59	0.514741
59	0.501665
59	0.517947
59	0.491860
59	0.517947
59	0.517889
59	0.506276
59	0.517947
59	0.517889
59	0.517889
59	0.517947
59	0.517885
59	0.517947
59	0.517947
60	0.517947
60	0.511535
60	0.517947
60	0.519210
60	0.516840
60	0.517947
60	0.506034
60	0.517947
60	0.517947
60	0.518100
60	0.517947
60	0.517947
60	0.496034
60	0.513900
60	0.517947
60	0.517947
60	0.517947
60	0.442160
60	0.517947
60	0.370555
61	0.518100
61	0.517756
61	0.517947
61	0.518517
61	0.517947
61	0.466167
61	0.517947
61	0.517947
61	0.517947
61	0.519210
61	0.519210
61	0.398754
61	0.519210
61	0.517947
61	0.511515
61	0.517362
61	0.509802
61	0.519210
61	0.448805
61	0.447143
62	0.519210
62	0.519288
62	0.464110
62	0.519210
62	0.518517
62	0.427441
62	0.419372
62	0.518517
62	0.518517
62	0.516881
62	0.519210
62	0.519116
62	0.518517
62	0.519210
62	0.519210
62	0.519210
62	0.517897
62	0.518558
62	0.519210
62	0.519210
63	0.514860
63	0.519210
63	0.515604
63	0.519210
63	0.519288
63	0.519210
63	0.516148
63	0.519210
63	0.519210
63	0.519210
63	0.519210
63	0.510063
63	0.519288
63	0.519210
63	0.494372
63	0.518942
63	0.519288
63	0.519288
63	0.508012
63	0.519210
64	0.519288
64	0.425827
64	0.519288
64	0.489235
64	0.519288
64	0.519288
64	0.519288
64	0.519288
64	0.519288
64	0.517679
64	0.519288
64	0.519288
64	0.504099
64	0.519288
64	0.521161
64	0.519288
64	0.519537
64	0.519288
64	0.519288
64	0.519210
65	0.479441
65	0.519537
65	0.518326
65	0.516765
65	0.519288
65	0.521161
65	0.519472
65	0.519366
65	0.514800
65	0.521161
65	0.519288
65	0.519288
65	0.519288
65	0.519288
65	0.519537
65	0.519537
65	0.487457
65	0.513609
65	0.434632
65	0.519288
66	0.518120
66	0.520059
66	0.519537
66	0.489834
66	0.519537
66	0.521161
66	0.519537
66	0.519537
66	0.521161
66	0.499054
66	0.521161
66	0.497025
66	0.521161
66	0.519537
66	0.486260
66	0.519537
66	0.519537
66	0.519288
66	0.328089
66	0.521161
67	0.521161
67	0.521161
67	0.521161
67	0.521161
67	0.521161
67	0.453635
67	0.521161
67	0.521161
67	0.505619
67	0.521161
67	0.456831
67	0.521161
67	0.495594
67	0.521161
67	0.451177
67	0.493058
67	0.521161
67	0.521161
67	0.521161
67	0.521161
68	0.521161
68	0.390925
68	0.521161
68	0.487512
68	0.521161
68	0.409040
68	0.521161
68	0.521161
68	0.521161
68	0.521161
68	0.504762
68	0.521161
68	0.521161
68	0.521161
68	0.521161
68	0.520963
68	0.521161
68	0.521161
68	0.521161
68	0.521161
69	0.521161
69	0.521161
69	0.521161
69	0.521161
69	0.505129
69	0.521161
69	0.424847
69	0.387623
69	0.521161
69	0.521161
69	0.521161
69	0.521161
69	0.521161
69	0.519913
69	0.521161
69	0.521161
69	0.478870
69	0.521161
69	0.521161
69	0.521161
70	0.521161
70	0.501672
70	0.521032
70	0.521161
70	0.521161
70	0.511259
70	0.521161
70	0.521161
70	0.401484
70	0.514364
70	0.521161
70	0.521161
70	0.496175
70	0.521161
70	0.513842
70	0.521161
70	0.521161
70	0.521161
70	0.521161
70	0.511319
71	0.521161
71	0.516027
71	0.521161
71	0.517789
71	0.521161
71	0.521161
71	0.521161
71	0.509105
71	0.492214
71	0.521161
71	0.521161
71	0.521161
71	0.521161
71	0.499170
71	0.521161
71	0.521161
71	0.521161
71	0.521161
71	0.451784
71	0.516025
72	0.521161
72	0.521161
72	0.498253
72	0.521161
72	0.521161
72	0.521161
72	0.521161
72	0.519838
72	0.521161
72	0.442428
72	0.521161
72	0.521161
72	0.527707
72	0.521161
72	0.521161
72	0.521161
72	0.522318
72	0.406137
72	0.521158
72	0.518450
73	0.527707
73	0.521161
73	0.527711
73	0.514774
73	0.521161
73	0.508699
73	0.520646
73	0.519208
73	0.521161
73	0.521161
73	0.527948
73	0.521161
73	0.527554
73	0.521161
73	0.522318
73	0.527707
73	0.521161
73	0.515724
73	0.522318
73	0.527707
74	0.527711
74	0.520316
74	0.527711
74	0.527707
74	0.527948
74	0.470715
74	0.527948
74	0.527707
74	0.527707
74	0.527707
74	0.517060
74	0.527711
74	0.531276
74	0.527707
74	0.528803
74	0.520927
74	0.518855
74	0.527707
74	0.496347
74	0.527707
75	0.540946
75	0.531276
75	0.527711
75	0.407970
75	0.527948
75	0.526786
75	0.486145
75	0.527948
75	0.527948
75	0.529196
75	0.495229
75	0.524768
75	0.527948
75	0.531276
75	0.474075
75	0.528803
75	0.522364
75	0.527948
75	0.519249
75	0.528803
76	0.510287
76	0.439899
76	0.531276
76	0.529196
76	0.537050
76	0.540946
76	0.528803
76	0.529196
76	0.533567
76	0.531276
76	0.529196
76	0.528803
76	0.507213
76	0.540946
76	0.531276
76	0.533974
76	0.521711
76	0.531276
76	0.476240
76	0.529196
77	0.540946
77	0.540946
77	0.524384
77	0.540925
77	0.412541
77	0.549127
77	0.540946
77	0.527711
77	0.537050
77	0.311975
77	0.540946
77	0.540946
77	0.520594
77	0.534341
77	0.537887
77	0.531276
77	0.537301
77	0.535267
77	0.537050
77	0.531276
78	0.540946
78	0.540946
78	0.532883
78	0.539502
78	0.549127
78	0.540946
78	0.540946
78	0.458279
78	0.540946
78	0.518997
78	0.465231
78	0.540946
78	0.543845
78	0.534341
78	0.532883
78	0.549127
78	0.549127
78	0.540946
78	0.543619
78	0.541299
79	0.543619
79	0.510678
79	0.548196
79	0.543845
79	0.552681
79	0.549127
79	0.548136
79	0.543845
79	0.560551
79	0.543619
79	0.520815
79	0.540225
79	0.560551
79	0.549127
79	0.560551
79	0.543619
79	0.525294
79	0.549127
79	0.515181
79	0.527839
80	0.560551
80	0.560551
80	0.560551
80	0.560551
80	0.516744
80	0.530534
80	0.551747
80	0.552681
80	0.555665
80	0.552450
80	0.560551
80	0.560551
80	0.470006
80	0.557149
80	0.510723
80	0.560551
80	0.544229
80	0.559737
80	0.560551
80	0.560551
81	0.560551
81	0.536441
81	0.560551
81	0.560253
81	0.560551
81	0.560551
81	0.560551
81	0.494071
81	0.560551
81	0.560551
81	0.559593
81	0.560551
81	0.530081
81	0.481013
81	0.560551
81	0.408748
81	0.560551
81	0.559179
81	0.560551
81	0.560551
82	0.560551
82	0.555860
82	0.447856
82	0.560551
82	0.560551
82	0.560551
82	0.560551
82	0.560551
82	0.560551
82	0.547899
82	0.559194
82	0.560551
82	0.560551
82	0.560551
82	0.560551
82	0.560551
82	0.450476
82	0.560551
82	0.560551
82	0.537482
83	0.561457
83	0.560551
83	0.560551
83	0.560551
83	0.560982
83	0.560551
83	0.560551
83	0.521586
83	0.553626
83	0.560551
83	0.530812
83	0.564090
83	0.560551
83	0.560551
83	0.560551
83	0.560551
83	0.560551
83	0.560551
83	0.560551
83	0.456048
84	0.559664
84	0.560551
84	0.560515
84	0.562621
84	0.557321
84	0.560551
84	0.563219
84	0.562029
84	0.560982
84	0.560551
84	0.561457
84	0.560551
84	0.485843
84	0.566790
84	0.561457
84	0.541848
84	0.560551
84	0.564090
84	0.560551
84	0.565626
85	0.549087
85	0.562097
85	0.539130
85	0.563219
85	0.562621
85	0.484197
85	0.564233
85	0.570307
85	0.557330
85	0.563836
85	0.562124
85	0.562097
85	0.550256
85	0.563219
85	0.565361
85	0.565361
85	0.568219
85	0.544088
85	0.562600
85	0.563219
86	0.563219
86	0.567403
86	0.566790
86	0.566543
86	0.559957
86	0.565361
86	0.528182
86	0.562104
86	0.565361
86	0.565361
86	0.570307
86	0.393893
86	0.563219
86	0.561325
86	0.565424
86	0.564233
86	0.568219
86	0.568366
86	0.566790
86	0.465393
87	0.570307
87	0.568219
87	0.568366
87	0.568362
87	0.515247
87	0.569388
87	0.565436
87	0.571436
87	0.568219
87	0.568366
87	0.566693
87	0.567327
87	0.568366
87	0.464297
87	0.568219
87	0.561638
87	0.568366
87	0.552499
87	0.570307
87	0.570303
88	0.558872
88	0.570424
88	0.570303
88	0.570303
88	0.565473
88	0.569388
88	0.570307
88	0.565884
88	0.571262
88	0.571262
88	0.570307
88	0.571141
88	0.566180
88	0.569388
88	0.569388
88	0.569388
88	0.570307
88	0.569388
88	0.549645
88	0.567234
89	0.570427
89	0.571262
89	0.570303
89	0.493677
89	0.435200
89	0.571141
89	0.565019
89	0.571262
89	0.571141
89	0.569983
89	0.571141
89	0.571262
89	0.571262
89	0.552334
89	0.571262
89	0.571262
89	0.571141
89	0.571262
89	0.571262
89	0.553602
90	0.546857
90	0.571262
90	0.528336
90	0.516523
90	0.571258
90	0.571262
90	0.571262
90	0.571262
90	0.571262
90	0.571304
90	0.567476
90	0.571262
90	0.571262
90	0.571262
90	0.571298
90	0.571262
90	0.563483
90	0.571150
90	0.571262
90	0.571262
91	0.571298
91	0.571298
91	0.571262
91	0.496765
91	0.445635
91	0.571262
91	0.569337
91	0.568084
91	0.571298
91	0.561442
91	0.554653
91	0.571083
91	0.571262
91	0.571262
91	0.571262
91	0.571284
91	0.571304
91	0.571262
91	0.556958
91	0.571262
92	0.505270
92	0.552963
92	0.571099
92	0.569046
92	0.571298
92	0.571298
92	0.571284
92	0.571298
92	0.571304
92	0.571298
92	0.571304
92	0.571298
92	0.571298
92	0.571295
92	0.571284
92	0.565395
92	0.571211
92	0.571255
92	0.571304
92	0.562092
93	0.571304
93	0.571260
93	0.564077
93	0.571304
93	0.571298
93	0.482936
93	0.544489
93	0.571260
93	0.572169
93	0.571461
93	0.571300
93	0.571351
93	0.571298
93	0.571304
93	0.502267
93	0.571298
93	0.571304
93	0.571304
93	0.571304
93	0.571304
94	0.557403
94	0.572169
94	0.409869
94	0.572169
94	0.571304
94	0.568781
94	0.571304
94	0.534543
94	0.570912
94	0.571304
94	0.571351
94	0.571304
94	0.571304
94	0.570504
94	0.571304
94	0.564722
94	0.572169
94	0.571315
94	0.571304
94	0.562502
95	0.572169
95	0.572169
95	0.572169
95	0.572169
95	0.540968
95	0.571315
95	0.572169
95	0.572169
95	0.568134
95	0.572169
95	0.558986
95	0.572169
95	0.572707
95	0.572169
95	0.565175
95	0.572169
95	0.567260
95	0.299828
95	0.571315
95	0.571304
96	0.572282
96	0.572169
96	0.549222
96	0.572169
96	0.566755
96	0.572169
96	0.572169
96	0.572707
96	0.572169
96	0.567677
96	0.572169
96	0.572707
96	0.572169
96	0.572245
96	0.571443
96	0.460526
96	0.572023
96	0.553863
96	0.572707
96	0.572169
97	0.547722
97	0.572707
97	0.512326
97	0.573949
97	0.572245
97	0.572816
97	0.572282
97	0.572855
97	0.572174
97	0.572707
97	0.572282
97	0.572282
97	0.465885
97	0.572245
97	0.568668
97	0.538082
97	0.572245
97	0.572707
97	0.572707
97	0.571551
98	0.572855
98	0.571821
98	0.573949
98	0.572707
98	0.537114
98	0.574189
98	0.572707
98	0.572339
98	0.569110
98	0.572282
98	0.574180
98	0.572816
98	0.572245
98	0.559953
98	0.572160
98	0.572855
98	0.571063
98	0.573949
98	0.534629
98	0.572160
99	0.574189
99	0.574120
99	0.572855
99	0.548001
99	0.573949
99	0.573949
99	0.573575
99	0.573101
99	0.443786
99	0.500063
99	0.572855
99	0.574189
99	0.573949
99	0.573949
99	0.573949
99	0.574189
99	0.567758
99	0.573949
99	0.573949
99	0.539215
100	0.574106
100	0.574120
100	0.573949
100	0.571324
100	0.574189
100	0.561995
100	0.573444
100	0.574189
100	0.556957
100	0.574189
100	0.574120
100	0.574189
100	0.574189
100	0.542967
100	0.572315
100	0.490784
100	0.570996
100	0.574120
100	0.574189
100	0.574189
101	0.574189
101	0.574189
101	0.574189
101	0.574657
101	0.513223
101	0.574189
101	0.573218
101	0.572355
101	0.574189
101	0.574238
101	0.574189
101	0.574189
101	0.574189
101	0.574185
101	0.574189
101	0.573410
101	0.436916
101	0.574385
101	0.574189
101	0.574189
102	0.532384
102	0.574238
102	0.574189
102	0.574238
102	0.560617
102	0.564927
102	0.551830
102	0.412206
102	0.574238
102	0.574189
102	0.574189
102	0.574385
102	0.569366
102	0.574385
102	0.574189
102	0.574657
102	0.574238
102	0.574189
102	0.573813
102	0.570949
103	0.573568
103	0.573705
103	0.574822
103	0.574238
103	0.574385
103	0.574189
103	0.445715
103	0.574094
103	0.556575
103	0.574238
103	0.503458
103	0.574385
103	0.574182
103	0.572938
103	0.569047
103	0.574385
103	0.574238
103	0.534757
103	0.574385
103	0.574238
104	0.541636
104	0.517744
104	0.574385
104	0.574822
104	0.560015
104	0.574385
104	0.535311
104	0.574385
104	0.574385
104	0.566740
104	0.573570
104	0.554119
104	0.574385
104	0.574385
104	0.574385
104	0.574385
104	0.574385
104	0.574385
104	0.513399
104	0.524278
105	0.574385
105	0.574488
105	0.574385
105	0.574822
105	0.574385
105	0.574822
105	0.574385
105	0.536661
105	0.573378
105	0.506984
105	0.574189
105	0.574385
105	0.553471
105	0.533675
105	0.574288
105	0.574385
105	0.574385
105	0.574385
105	0.574825
105	0.574385
106	0.574120
106	0.574385
106	0.572534
106	0.541733
106	0.574825
106	0.572316
106	0.430047
106	0.574822
106	0.293894
106	0.574977
106	0.574825
106	0.574488
106	0.574822
106	0.574227
106	0.574488
106	0.574488
106	0.554280
106	0.574825
106	0.574977
106	0.574825
107	0.574825
107	0.574825
107	0.567901
107	0.574825
107	0.574977
107	0.574825
107	0.574977
107	0.573944
107	0.574825
107	0.566549
107	0.575137
107	0.570358
107	0.574351
107	0.574977
107	0.574977
107	0.574825
107	0.514026
107	0.410077
107	0.574977
107	0.574825
108	0.574977
108	0.574977
108	0.574977
108	0.546202
108	0.563184
108	0.502938
108	0.574977
108	0.574977
108	0.574977
108	0.544235
108	0.574977
108	0.572344
108	0.574977
108	0.572794
108	0.574977
108	0.569290
108	0.540382
108	0.561513
108	0.574977
108	0.574977
109	0.537212
109	0.574977
109	0.574977
109	0.574977
109	0.574977
109	0.574977
109	0.571582
109	0.574977
109	0.574977
109	0.574539
109	0.510005
109	0.574977
109	0.574977
109	0.570144
109	0.574977
109	0.574977
109	0.574977
109	0.535736
109	0.548244
109	0.574977
110	0.537645
110	0.572467
110	0.574977
110	0.574977
110	0.574977
110	0.574977
110	0.574977
110	0.574977
110	0.574977
110	0.574977
110	0.500680
110	0.574977
110	0.508735
110	0.574977
110	0.574977
110	0.574701
110	0.574977
110	0.574509
110	0.486510
110	0.574977
111	0.574977
111	0.537645
111	0.574985
111	0.574977
111	0.574977
111	0.574977
111	0.574977
111	0.495112
111	0.570664
111	0.574977
111	0.574977
111	0.574977
111	0.567665
111	0.574977
111	0.566474
111	0.574977
111	0.575512
111	0.574425
111	0.574977
111	0.574977
112	0.574992
112	0.574977
112	0.574977
112	0.574977
112	0.574977
112	0.572959
112	0.575417
112	0.533239
112	0.574977
112	0.574977
112	0.573205
112	0.574977
112	0.487508
112	0.574985
112	0.574977
112	0.574985
112	0.574977
112	0.418302
112	0.574977
112	0.575512
113	0.575153
113	0.566930
113	0.574981
113	0.575385
113	0.575417
113	0.574988
113	0.575512
113	0.575155
113	0.575068
113	0.574985
113	0.574903
113	0.574985
113	0.574985
113	0.575417
113	0.574985
113	0.575119
113	0.574985
113	0.546996
113	0.554170
113	0.574985
114	0.575512
114	0.575385
114	0.565100
114	0.575512
114	0.539610
114	0.575155
114	0.575385
114	0.574724
114	0.488056
114	0.533731
114	0.575385
114	0.574985
114	0.575155
114	0.575460
114	0.569531
114	0.571063
114	0.575512
114	0.574866
114	0.549656
114	0.575512
115	0.575460
115	0.574907
115	0.575537
115	0.575512
115	0.575512
115	0.575537
115	0.575684
115	0.573271
115	0.575512
115	0.515505
115	0.531533
115	0.575512
115	0.575460
115	0.422777
115	0.575460
115	0.575512
115	0.575512
115	0.575512
115	0.575512
115	0.575512
116	0.575417
116	0.575440
116	0.571215
116	0.575537
116	0.573413
116	0.575684
116	0.575512
116	0.574298
116	0.575802
116	0.575684
116	0.575537
116	0.575512
116	0.575684
116	0.575853
116	0.581392
116	0.575537
116	0.575537
116	0.575537
116	0.534859
116	0.575537
117	0.460885
117	0.574944
117	0.575802
117	0.575684
117	0.575802
117	0.575684
117	0.575802
117	0.536260
117	0.551460
117	0.575684
117	0.575853
117	0.575684
117	0.570908
117	0.441071
117	0.575684
117	0.575712
117	0.581155
117	0.581392
117	0.575680
117	0.575684
118	0.581392
118	0.567718
118	0.574735
118	0.460764
118	0.575802
118	0.575802
118	0.575802
118	0.581350
118	0.581643
118	0.581392
118	0.575802
118	0.575802
118	0.581392
118	0.575853
118	0.575802
118	0.582133
118	0.563958
118	0.578616
118	0.581331
118	0.572397
119	0.581392
119	0.581392
119	0.582943
119	0.582133
119	0.581392
119	0.557181
119	0.549038
119	0.582111
119	0.582133
119	0.581392
119	0.543761
119	0.556871
119	0.581392
119	0.550755
119	0.575923
119	0.555286
119	0.582133
119	0.581643
119	0.561962
119	0.581392
120	0.556918
120	0.582133
120	0.582765
120	0.583271
120	0.582111
120	0.582133
120	0.413604
120	0.505844
120	0.582133
120	0.582133
120	0.561824
120	0.582943
120	0.582133
120	0.582133
120	0.582111
120	0.538594
120	0.573924
120	0.582133
120	0.582943
120	0.582133
121	0.584204
121	0.584204
121	0.555911
121	0.582368
121	0.582199
121	0.516337
121	0.582765
121	0.579876
121	0.584841
121	0.581775
121	0.557861
121	0.582943
121	0.582943
121	0.523391
121	0.570658
121	0.582282
121	0.582816
121	0.581775
121	0.582133
121	0.582337
122	0.584204
122	0.584204
122	0.584204
122	0.582943
122	0.584841
122	0.584204
122	0.584200
122	0.582943
122	0.582943
122	0.584204
122	0.581634
122	0.552211
122	0.577815
122	0.583892
122	0.584204
122	0.584841
122	0.583298
122	0.560848
122	0.582018
122	0.582943
123	0.578224
123	0.584841
123	0.584204
123	0.580289
123	0.584841
123	0.579514
123	0.584144
123	0.526444
123	0.584841
123	0.584204
123	0.543379
123	0.584204
123	0.584204
123	0.584517
123	0.584204
123	0.584204
123	0.584841
123	0.583899
123	0.584486
123	0.584841
124	0.584841
124	0.584841
124	0.584841
124	0.584724
124	0.584841
124	0.584680
124	0.584841
124	0.533965
124	0.584841
124	0.584841
124	0.584841
124	0.584619
124	0.584841
124	0.567134
124	0.584841
124	0.572192
124	0.584620
124	0.584841
124	0.581006
124	0.528727
125	0.584841
125	0.584841
125	0.584841
125	0.584841
125	0.552983
125	0.584841
125	0.584841
125	0.583050
125	0.584841
125	0.584837
125	0.555388
125	0.584841
125	0.560419
125	0.584841
125	0.584841
125	0.584841
125	0.584841
125	0.585164
125	0.543918
125	0.584841
126	0.585083
126	0.585164
126	0.585164
126	0.423412
126	0.551464
126	0.584841
126	0.579492
126	0.585164
126	0.584841
126	0.584841
126	0.584841
126	0.451573
126	0.584841
126	0.584841
126	0.584841
126	0.584841
126	0.584948
126	0.584128
126	0.585164
126	0.584841
127	0.585083
127	0.585164
127	0.553781
127	0.585164
127	0.585164
127	0.585164
127	0.585164
127	0.585164
127	0.563412
127	0.585164
127	0.580524
127	0.585083
127	0.585164
127	0.572925
127	0.585164
127	0.536057
127	0.581838
127	0.585164
127	0.585164
127	0.584438
128	0.585164
128	0.562774
128	0.585054
128	0.585158
128	0.585164
128	0.578139
128	0.585164
128	0.585164
128	0.580516
128	0.585164
128	0.585164
128	0.582855
128	0.585164
128	0.582958
128	0.585153
128	0.585164
128	0.585164
128	0.580656
128	0.524359
128	0.585164
129	0.561140
129	0.578800
129	0.585164
129	0.585164
129	0.585164
129	0.585164
129	0.585164
129	0.581091
129	0.584965
129	0.431582
129	0.538816
129	0.585164
129	0.585164
129	0.585164
129	0.534234
129	0.585164
129	0.585164
129	0.574273
129	0.424113
129	0.585164
130	0.585164
130	0.585164
130	0.585164
130	0.585226
130	0.550134
130	0.550585
130	0.585164
130	0.585164
130	0.585164
130	0.534531
130	0.553682
130	0.541184
130	0.585164
130	0.585168
130	0.585164
130	0.585164
130	0.585164
130	0.567326
130	0.585164
130	0.585164
131	0.585226
131	0.584406
131	0.586152
131	0.580872
131	0.585168
131	0.551171
131	0.579251
131	0.502816
131	0.585168
131	0.585164
131	0.524072
131	0.585164
131	0.585164
131	0.582711
131	0.585168
131	0.585226
131	0.585164
131	0.585168
131	0.585226
131	0.585226
132	0.586243
132	0.585226
132	0.585226
132	0.585226
132	0.569983
132	0.585226
132	0.585226
132	0.553315
132	0.585226
132	0.585226
132	0.542100
132	0.585226
132	0.545255
132	0.585226
132	0.557393
132	0.585226
132	0.586152
132	0.585226
132	0.580415
132	0.585226
133	0.433753
133	0.583845
133	0.586243
133	0.586152
133	0.501892
133	0.586243
133	0.583578
133	0.569188
133	0.585081
133	0.586243
133	0.585226
133	0.585226
133	0.580472
133	0.586243
133	0.585226
133	0.585226
133	0.586152
133	0.585226
133	0.586243
133	0.444871
134	0.586243
134	0.586243
134	0.563489
134	0.586243
134	0.586243
134	0.586243
134	0.584675
134	0.586243
134	0.532797
134	0.532230
134	0.578614
134	0.586243
134	0.586243
134	0.586243
134	0.586243
134	0.586243
134	0.586243
134	0.586243
134	0.586243
134	0.586243
135	0.586243
135	0.586243
135	0.521088
135	0.574875
135	0.579044
135	0.420771
135	0.586243
135	0.456850
135	0.586243
135	0.586243
135	0.586243
135	0.586243
135	0.586243
135	0.505065
135	0.586243
135	0.586243
135	0.528965
135	0.586243
135	0.586243
135	0.586243
136	0.522070
136	0.586243
136	0.586243
136	0.586243
136	0.586243
136	0.585697
136	0.573403
136	0.586243
136	0.586243
136	0.583078
136	0.586243
136	0.586243
136	0.553288
136	0.586243
136	0.587381
136	0.443111
136	0.586243
136	0.528738
136	0.586243
136	0.587465
137	0.586243
137	0.554711
137	0.586243
137	0.586243
137	0.587465
137	0.586802
137	0.572511
137	0.586243
137	0.587465
137	0.469838
137	0.584752
137	0.586243
137	0.582931
137	0.587381
137	0.586243
137	0.586243
137	0.585908
137	0.587465
137	0.586243
137	0.548849
138	0.580447
138	0.587465
138	0.581048
138	0.587465
138	0.585446
138	0.543764
138	0.578862
138	0.587465
138	0.587381
138	0.587381
138	0.545554
138	0.575255
138	0.587465
138	0.586802
138	0.587465
138	0.586802
138	0.587465
138	0.587381
138	0.587465
138	0.520907
139	0.583127
139	0.587465
139	0.587465
139	0.476758
139	0.587458
139	0.587465
139	0.587465
139	0.587465
139	0.587465
139	0.587944
139	0.550195
139	0.587465
139	0.587465
139	0.582685
139	0.587465
139	0.589611
139	0.587465
139	0.587465
139	0.587465
139	0.585290
140	0.584737
140	0.587465
140	0.586921
140	0.587465
140	0.587465
140	0.587553
140	0.587465
140	0.587944
140	0.588271
140	0.587465
140	0.570907
140	0.587465
140	0.435174
140	0.587465
140	0.587465
140	0.588286
140	0.587465
140	0.587465
140	0.588056
140	0.587465
141	0.559142
141	0.407467
141	0.474118
141	0.587944
141	0.588931
141	0.587944
141	0.587944
141	0.588344
141	0.523584
141	0.587553
141	0.588056
141	0.588286
141	0.587944
141	0.588286
141	0.587630
141	0.587944
141	0.588271
141	0.534973
141	0.588206
141	0.545945
142	0.588344
142	0.588320
142	0.588271
142	0.549761
142	0.588286
142	0.529122
142	0.588344
142	0.588931
142	0.588931
142	0.566030
142	0.583376
142	0.588344
142	0.588931
142	0.588344
142	0.588271
142	0.588271
142	0.588271
142	0.405514
142	0.588286
142	0.588344
143	0.588931
143	0.588303
143	0.588344
143	0.595802
143	0.587135
143	0.588931
143	0.588931
143	0.588931
143	0.588831
143	0.588344
143	0.588931
143	0.570851
143	0.588931
143	0.593586
143	0.587189
143	0.563258
143	0.588931
143	0.588344
143	0.481685
143	0.588931
144	0.588931
144	0.588931
144	0.588931
144	0.588931
144	0.588931
144	0.526589
144	0.572507
144	0.525864
144	0.588931
144	0.593290
144	0.588931
144	0.588931
144	0.595802
144	0.456508
144	0.588931
144	0.588931
144	0.595802
144	0.588931
144	0.588488
144	0.592164
145	0.565133
145	0.588931
145	0.588931
145	0.525448
145	0.589178
145	0.595802
145	0.589293
145	0.595802
145	0.592164
145	0.579239
145	0.595802
145	0.588404
145	0.592164
145	0.589413
145	0.572832
145	0.593290
145	0.588931
145	0.588931
145	0.592370
145	0.595620
146	0.593290
146	0.595802
146	0.521971
146	0.595620
146	0.595802
146	0.595620
146	0.576187
146	0.453993
146	0.595802
146	0.595802
146	0.595802
146	0.593290
146	0.588931
146	0.595620
146	0.551787
146	0.593290
146	0.587538
146	0.592134
146	0.595620
146	0.593290
147	0.595785
147	0.595802
147	0.447992
147	0.544627
147	0.595802
147	0.591022
147	0.595802
147	0.595802
147	0.595802
147	0.595802
147	0.595802
147	0.595802
147	0.595802
147	0.595802
147	0.595802
147	0.595802
147	0.595802
147	0.595827
147	0.566098
147	0.595802
148	0.595609
148	0.595802
148	0.595829
148	0.585779
148	0.595827
148	0.595827
148	0.559174
148	0.595734
148	0.595802
148	0.558354
148	0.467751
148	0.595802
148	0.595827
148	0.595802
148	0.577168
148	0.596027
148	0.595802
148	0.595827
148	0.595802
148	0.595802
149	0.591798
149	0.595776
149	0.594886
149	0.589465
149	0.595827
149	0.595827
149	0.596027
149	0.595827
149	0.595829
149	0.595815
149	0.595818
149	0.596027
149	0.596027
149	0.595829
149	0.594289
149	0.566563
149	0.592470
149	0.595827
149	0.573547
149	0.596027
150	0.595653
150	0.595829
150	0.596027
150	0.596027
150	0.594841
150	0.595991
150	0.596027
150	0.540119
150	0.579280
150	0.596027
150	0.553381
150	0.595991
150	0.595829
150	0.596441
150	0.596027
150	0.584768
150	0.595829
150	0.596027
150	0.595827
150	0.595829
151	0.596027
151	0.595475
151	0.596027
151	0.596441
151	0.596027
151	0.594984
151	0.596027
151	0.588890
151	0.596027
151	0.596027
151	0.596441
151	0.596027
151	0.596027
151	0.596027
151	0.596182
151	0.596441
151	0.596027
151	0.552420
151	0.593678
151	0.596027
152	0.596391
152	0.596182
152	0.596182
152	0.596441
152	0.596437
152	0.596441
152	0.596441
152	0.594444
152	0.596027
152	0.599208
152	0.596441
152	0.596182
152	0.528590
152	0.569956
152	0.596182
152	0.593674
152	0.596441
152	0.499083
152	0.596027
152	0.596441
153	0.599208
153	0.572139
153	0.297915
153	0.596441
153	0.599208
153	0.596441
153	0.596115
153	0.457763
153	0.596441
153	0.596479
153	0.599208
153	0.591397
153	0.599208
153	0.543711
153	0.596441
153	0.572873
153	0.599208
153	0.599208
153	0.598268
153	0.596441
154	0.599208
154	0.590121
154	0.597965
154	0.557611
154	0.599208
154	0.510287
154	0.599208
154	0.547603
154	0.599208
154	0.599208
154	0.544118
154	0.599208
154	0.599208
154	0.599208
154	0.591837
154	0.579968
154	0.598582
154	0.599208
154	0.599208
154	0.599208
155	0.599208
155	0.599208
155	0.599208
155	0.595879
155	0.599208
155	0.534353
155	0.599208
155	0.599208
155	0.447053
155	0.599208
155	0.599208
155	0.564790
155	0.548430
155	0.599208
155	0.594930
155	0.599208
155	0.599208
155	0.599208
155	0.599208
155	0.590917
156	0.599208
156	0.599208
156	0.599208
156	0.599208
156	0.604661
156	0.599208
156	0.599208
156	0.517507
156	0.593369
156	0.596808
156	0.599208
156	0.599208
156	0.579122
156	0.599208
156	0.584658
156	0.599208
156	0.548170
156	0.599208
156	0.599208
156	0.589681
157	0.599208
157	0.599208
157	0.599208
157	0.604661
157	0.592908
157	0.582228
157	0.560469
157	0.604661
157	0.599208
157	0.604661
157	0.599173
157	0.599234
157	0.547585
157	0.599208
157	0.604661
157	0.553498
157	0.599208
157	0.542208
157	0.599208
157	0.599208
158	0.604661
158	0.604661
158	0.599234
158	0.599208
158	0.588070
158	0.581131
158	0.599234
158	0.583126
158	0.590212
158	0.599230
158	0.604661
158	0.604661
158	0.575286
158	0.604661
158	0.604661
158	0.604661
158	0.599234
158	0.604661
158	0.539813
158	0.604661
159	0.599553
159	0.600052
159	0.604661
159	0.604661
159	0.604661
159	0.604661
159	0.604661
159	0.604661
159	0.604661
159	0.604661
159	0.604661
159	0.603486
159	0.604661
159	0.604661
159	0.604661
159	0.604547
159	0.593180
159	0.583045
159	0.594589
159	0.604661
160	0.604661
160	0.604661
160	0.604661
160	0.604661
160	0.604661
160	0.604661
160	0.604661
160	0.584420
160	0.558883
160	0.289773
160	0.604661
160	0.604661
160	0.607286
160	0.604661
160	0.604661
160	0.585964
160	0.604661
160	0.604661
160	0.604661
160	0.604661
161	0.588489
161	0.594571
161	0.449550
161	0.604661
161	0.604661
161	0.528717
161	0.607286
161	0.604661
161	0.604661
161	0.606193
161	0.604661
161	0.603662
161	0.600079
161	0.604661
161	0.604661
161	0.586542
161	0.604661
161	0.604661
161	0.604661
161	0.607286
162	0.604661
162	0.604661
162	0.607286
162	0.581363
162	0.424449
162	0.607286
162	0.604661
162	0.604661
162	0.607286
162	0.607286
162	0.604661
162	0.574204
162	0.606193
162	0.604661
162	0.606193
162	0.606193
162	0.605226
162	0.604686
162	0.604661
162	0.607846
163	0.607286
163	0.570667
163	0.574666
163	0.594432
163	0.528700
163	0.607801
163	0.607286
163	0.607286
163	0.607114
163	0.607286
163	0.607286
163	0.607286
163	0.607286
163	0.607114
163	0.606278
163	0.606936
163	0.607286
163	0.489959
163	0.607705
163	0.607114
164	0.584044
164	0.607801
164	0.607286
164	0.607976
164	0.538889
164	0.607286
164	0.607286
164	0.607286
164	0.607705
164	0.536783
164	0.607705
164	0.607286
164	0.607286
164	0.607705
164	0.607286
164	0.607705
164	0.607705
164	0.594774
164	0.607286
164	0.607575
165	0.575758
165	0.607801
165	0.607705
165	0.607856
165	0.607705
165	0.607705
165	0.522217
165	0.607487
165	0.606728
165	0.604845
165	0.607705
165	0.607705
165	0.601399
165	0.607801
165	0.607705
165	0.604278
165	0.607705
165	0.601425
165	0.607837
165	0.607976
166	0.607976
166	0.605778
166	0.607833
166	0.607801
166	0.607976
166	0.607911
166	0.607856
166	0.589838
166	0.607801
166	0.551363
166	0.607976
166	0.607801
166	0.562500
166	0.604910
166	0.448248
166	0.593133
166	0.607911
166	0.607837
166	0.607801
166	0.607837
167	0.607319
167	0.607969
167	0.607976
167	0.607976
167	0.607911
167	0.607976
167	0.607911
167	0.607911
167	0.607911
167	0.607976
167	0.588796
167	0.607911
167	0.528661
167	0.529545
167	0.607976
167	0.537544
167	0.607911
167	0.607819
167	0.604375
167	0.608141
168	0.607976
168	0.605496
168	0.519607
168	0.482216
168	0.577338
168	0.608395
168	0.555182
168	0.608143
168	0.607976
168	0.607976
168	0.607976
168	0.608141
168	0.607976
168	0.607976
168	0.608573
168	0.607822
168	0.531663
168	0.527177
168	0.607976
168	0.607976
169	0.484866
169	0.608147
169	0.430575
169	0.608147
169	0.608141
169	0.597672
169	0.486282
169	0.608395
169	0.608776
169	0.536494
169	0.562581
169	0.574037
169	0.608143
169	0.608141
169	0.579745
169	0.608143
169	0.608141
169	0.608573
169	0.608573
169	0.533940
170	0.608910
170	0.608573
170	0.608395
170	0.608810
170	0.608395
170	0.575785
170	0.608776
170	0.608573
170	0.608573
170	0.607976
170	0.608573
170	0.608776
170	0.608118
170	0.608776
170	0.519579
170	0.608395
170	0.608776
170	0.608561
170	0.486337
170	0.604531
171	0.608810
171	0.608910
171	0.608776
171	0.605138
171	0.608573
171	0.456394
171	0.564652
171	0.608776
171	0.608696
171	0.600946
171	0.594090
171	0.608776
171	0.608776
171	0.609014
171	0.608776
171	0.609148
171	0.608776
171	0.609249
171	0.606733
171	0.608776
172	0.608442
172	0.601308
172	0.580459
172	0.609014
172	0.609148
172	0.586907
172	0.608810
172	0.608573
172	0.609249
172	0.546420
172	0.562341
172	0.554478
172	0.608573
172	0.609048
172	0.609249
172	0.609119
172	0.608992
172	0.609148
172	0.597012
172	0.608810
173	0.609249
173	0.604925
173	0.609148
173	0.609249
173	0.609119
173	0.600345
173	0.609119
173	0.609249
173	0.607788
173	0.609119
173	0.609119
173	0.609052
173	0.608981
173	0.609245
173	0.609119
173	0.609008
173	0.609148
173	0.608573
173	0.606783
173	0.609148
174	0.609249
174	0.609012
174	0.578362
174	0.609119
174	0.609144
174	0.609245
174	0.609249
174	0.606739
174	0.608810
174	0.609245
174	0.609249
174	0.609249
174	0.609249
174	0.609246
174	0.553493
174	0.566159
174	0.603874
174	0.609245
174	0.608568
174	0.593120
175	0.590824
175	0.589918
175	0.609249
175	0.609249
175	0.572368
175	0.609249
175	0.609249
175	0.609249
175	0.609249
175	0.609249
175	0.585975
175	0.609249
175	0.543067
175	0.609249
175	0.609249
175	0.609249
175	0.609249
175	0.609249
175	0.609249
175	0.609248
176	0.609249
176	0.609249
176	0.601479
176	0.584233
176	0.606443
176	0.609069
176	0.609249
176	0.609249
176	0.598847
176	0.609249
176	0.609249
176	0.609249
176	0.609249
176	0.609249
176	0.609249
176	0.609249
176	0.609249
176	0.608372
176	0.569342
176	0.609248
177	0.609249
177	0.526848
177	0.609217
177	0.581905
177	0.609301
177	0.609249
177	0.609249
177	0.534188
177	0.609249
177	0.609249
177	0.609249
177	0.609249
177	0.609249
177	0.527496
177	0.609037
177	0.609249
177	0.609249
177	0.609249
177	0.609249
177	0.590600
178	0.476105
178	0.609249
178	0.609249
178	0.609249
178	0.609701
178	0.606841
178	0.609249
178	0.609242
178	0.609120
178	0.609249
178	0.606357
178	0.609249
178	0.609249
178	0.548520
178	0.609301
178	0.609249
178	0.609249
178	0.609249
178	0.604785
178	0.586614
179	0.609249
179	0.562833
179	0.609701
179	0.609249
179	0.609701
179	0.609249
179	0.609249
179	0.609249
179	0.608181
179	0.516136
179	0.472801
179	0.609249
179	0.608901
179	0.604981
179	0.608057
179	0.609249
179	0.609701
179	0.604158
179	0.607790
179	0.609249
180	0.578288
180	0.609249
180	0.609249
180	0.609249
180	0.604987
180	0.609678
180	0.555937
180	0.609701
180	0.609249
180	0.534857
180	0.609701
180	0.609249
180	0.609701
180	0.609701
180	0.574555
180	0.609701
180	0.609249
180	0.609249
180	0.527579
180	0.604362
181	0.585481
181	0.607015
181	0.480829
181	0.609701
181	0.609701
181	0.604398
181	0.609701
181	0.609701
181	0.609701
181	0.609701
181	0.552497
181	0.548727
181	0.609701
181	0.609701
181	0.609701
181	0.609701
181	0.609701
181	0.609701
181	0.609414
181	0.609701
182	0.609701
182	0.609701
182	0.609701
182	0.458099
182	0.609701
182	0.609701
182	0.609701
182	0.609701
182	0.609701
182	0.609701
182	0.497663
182	0.609072
182	0.610949
182	0.609701
182	0.609701
182	0.609701
182	0.499246
182	0.609701
182	0.515434
182	0.607835
183	0.561291
183	0.608373
183	0.610949
183	0.609701
183	0.610949
183	0.608636
183	0.608084
183	0.609701
183	0.609501
183	0.609701
183	0.609701
183	0.609701
183	0.609670
183	0.609701
183	0.609717
183	0.609701
183	0.610949
183	0.590382
183	0.609701
183	0.608966
184	0.610949
184	0.602496
184	0.610949
184	0.610949
184	0.610949
184	0.610949
184	0.610949
184	0.609701
184	0.597682
184	0.610949
184	0.532473
184	0.557801
184	0.610949
184	0.609634
184	0.609717
184	0.609717
184	0.609701
184	0.610949
184	0.582516
184	0.581445
185	0.610949
185	0.610949
185	0.536429
185	0.610949
185	0.572600
185	0.600276
185	0.578056
185	0.587408
185	0.611887
185	0.610949
185	0.581819
185	0.610949
185	0.610949
185	0.610949
185	0.610949
185	0.577295
185	0.609375
185	0.610949
185	0.610949
185	0.610949
186	0.609733
186	0.590862
186	0.611887
186	0.610949
186	0.610949
186	0.610949
186	0.610949
186	0.610949
186	0.611887
186	0.610989
186	0.528498
186	0.598433
186	0.610949
186	0.610949
186	0.610949
186	0.610949
186	0.610949
186	0.531980
186	0.602235
186	0.610949
187	0.611887
187	0.584513
187	0.608319
187	0.610769
187	0.610949
187	0.610989
187	0.610949
187	0.611887
187	0.610949
187	0.610949
187	0.610949
187	0.610960
187	0.533637
187	0.602965
187	0.611887
187	0.610949
187	0.609714
187	0.610949
187	0.611887
187	0.611887
188	0.611887
188	0.611887
188	0.611887
188	0.611887
188	0.611887
188	0.608019
188	0.531412
188	0.605706
188	0.605867
188	0.611887
188	0.611887
188	0.612901
188	0.611887
188	0.611887
188	0.582598
188	0.611887
188	0.611887
188	0.611554
188	0.605379
188	0.611887
189	0.456838
189	0.611887
189	0.573381
189	0.611887
189	0.611887
189	0.599646
189	0.591048
189	0.611887
189	0.611887
189	0.611887
189	0.611887
189	0.611917
189	0.611887
189	0.603385
189	0.611887
189	0.589781
189	0.612901
189	0.612901
189	0.611887
189	0.611887
190	0.598440
190	0.612901
190	0.611234
190	0.612901
190	0.612901
190	0.611887
190	0.612866
190	0.599951
190	0.610962
190	0.611887
190	0.611917
190	0.612901
190	0.612901
190	0.563631
190	0.611887
190	0.546830
190	0.612337
190	0.611887
190	0.588863
190	0.538370
191	0.600840
191	0.612901
191	0.598888
191	0.612901
191	0.612901
191	0.612901
191	0.612901
191	0.614431
191	0.612901
191	0.612901
191	0.612901
191	0.612901
191	0.525358
191	0.607912
191	0.612901
191	0.612901
191	0.612901
191	0.612901
191	0.612901
191	0.612901
192	0.613920
192	0.612939
192	0.590324
192	0.567727
192	0.614431
192	0.612901
192	0.611765
192	0.612901
192	0.612901
192	0.612901
192	0.589487
192	0.610911
192	0.614431
192	0.612901
192	0.564104
192	0.614431
192	0.612901
192	0.614431
192	0.612901
192	0.612901
193	0.593035
193	0.614431
193	0.614431
193	0.598497
193	0.614431
193	0.496594
193	0.614431
193	0.614431
193	0.576937
193	0.614431
193	0.614431
193	0.614431
193	0.613920
193	0.614431
193	0.614431
193	0.613796
193	0.614431
193	0.614341
193	0.614431
193	0.614431
194	0.435161
194	0.614431
194	0.589210
194	0.614431
194	0.588464
194	0.614431
194	0.601855
194	0.614431
194	0.564754
194	0.614431
194	0.614431
194	0.614431
194	0.531950
194	0.614787
194	0.614431
194	0.614431
194	0.614431
194	0.614431
194	0.608207
194	0.614431
195	0.478947
195	0.614787
195	0.614431
195	0.602689
195	0.614431
195	0.614431
195	0.607158
195	0.614431
195	0.483499
195	0.614787
195	0.614431
195	0.614431
195	0.596242
195	0.614431
195	0.604168
195	0.614431
195	0.614787
195	0.614787
195	0.614431
195	0.614787
196	0.567940
196	0.614787
196	0.592030
196	0.599500
196	0.523875
196	0.614787
196	0.614782
196	0.614787
196	0.613083
196	0.587164
196	0.614787
196	0.614787
196	0.614787
196	0.614787
196	0.614787
196	0.614787
196	0.614787
196	0.614787
196	0.612274
196	0.596089
197	0.614787
197	0.614787
197	0.613174
197	0.614787
197	0.614787
197	0.611899
197	0.614787
197	0.569148
197	0.614456
197	0.614787
197	0.614787
197	0.595913
197	0.614684
197	0.614787
197	0.565749
197	0.614787
197	0.614787
197	0.614787
197	0.614787
197	0.614787
198	0.614787
198	0.614787
198	0.588939
198	0.614787
198	0.614787
198	0.554236
198	0.614787
198	0.614787
198	0.475400
198	0.614787
198	0.535623
198	0.614787
198	0.592869
198	0.614787
198	0.614787
198	0.614787
198	0.614787
198	0.614786
198	0.610178
198	0.560717
199	0.542397
199	0.614787
199	0.614787
199	0.601747
199	0.614787
199	0.614787
199	0.614787
199	0.614787
199	0.601153
199	0.614787
199	0.614787
199	0.614787
199	0.598549
199	0.614787
199	0.546546
199	0.532180
199	0.490436
199	0.614787
199	0.610811
199	0.614787
200	0.614787
200	0.614787
200	0.614787
200	0.614787
200	0.556777
200	0.614787
200	0.593004
200	0.614787
200	0.614787
200	0.614787
200	0.599124
200	0.614787
200	0.612139
200	0.610304
200	0.614787
200	0.614787
200	0.614787
200	0.614619
200	0.614787
200	0.614454
201	0.614787
201	0.614787
201	0.614787
201	0.614753
201	0.614787
201	0.606566
201	0.604897
201	0.614392
201	0.614787
201	0.614787
201	0.611946
201	0.614787
201	0.609249
201	0.614787
201	0.614787
201	0.614787
201	0.614787
201	0.614787
201	0.598544
201	0.614787
202	0.614787
202	0.608477
202	0.614787
202	0.614787
202	0.614787
202	0.614787
202	0.614787
202	0.547962
202	0.614787
202	0.614787
202	0.614787
202	0.563309
202	0.614787
202	0.614787
202	0.614787
202	0.614787
202	0.614748
202	0.614787
202	0.614705
202	0.614634
203	0.574986
203	0.614787
203	0.614787
203	0.614787
203	0.613616
203	0.608747
203	0.614787
203	0.583527
203	0.614787
203	0.614787
203	0.615132
203	0.614787
203	0.614787
203	0.614787
203	0.615080
203	0.614787
203	0.614787
203	0.614787
203	0.614787
203	0.612328
204	0.614787
204	0.612941
204	0.615132
204	0.615080
204	0.614911
204	0.590925
204	0.614787
204	0.614787
204	0.614812
204	0.614787
204	0.608693
204	0.614787
204	0.614787
204	0.589669
204	0.614787
204	0.602127
204	0.613354
204	0.615080
204	0.615210
204	0.614787
205	0.615132
205	0.615210
205	0.615210
205	0.615080
205	0.615080
205	0.555308
205	0.614787
205	0.615080
205	0.615159
205	0.614787
205	0.614958
205	0.615080
205	0.615071
205	0.615080
205	0.615080
205	0.615083
205	0.614218
205	0.615132
205	0.479370
205	0.613386
206	0.615094
206	0.534076
206	0.615210
206	0.615210
206	0.612569
206	0.615210
206	0.585124
206	0.443625
206	0.615132
206	0.615132
206	0.615132
206	0.615132
206	0.614689
206	0.615057
206	0.614734
206	0.615132
206	0.615159
206	0.614911
206	0.615132
206	0.496402
207	0.560934
207	0.615210
207	0.615257
207	0.615210
207	0.615210
207	0.593848
207	0.615159
207	0.615210
207	0.615159
207	0.615252
207	0.538941
207	0.615210
207	0.615159
207	0.615210
207	0.615132
207	0.611530
207	0.615132
207	0.615210
207	0.592740
207	0.615159
208	0.590731
208	0.596316
208	0.614720
208	0.615252
208	0.614957
208	0.615210
208	0.615252
208	0.615257
208	0.615257
208	0.613730
208	0.590579
208	0.608060
208	0.614398
208	0.615210
208	0.593726
208	0.615210
208	0.615252
208	0.615252
208	0.615210
208	0.615252
209	0.615257
209	0.615252
209	0.615252
209	0.615252
209	0.572163
209	0.613099
209	0.582797
209	0.615252
209	0.615257
209	0.615257
209	0.615252
209	0.614915
209	0.614914
209	0.615257
209	0.615252
209	0.615252
209	0.615257
209	0.454276
209	0.615257
209	0.615252
210	0.615257
210	0.615257
210	0.596418
210	0.615257
210	0.615257
210	0.521625
210	0.615257
210	0.615257
210	0.596994
210	0.613053
210	0.615257
210	0.606673
210	0.615257
210	0.615499
210	0.614948
210	0.528791
210	0.599411
210	0.615257
210	0.615257
210	0.615257
211	0.615257
211	0.615257
211	0.547789
211	0.588812
211	0.615257
211	0.615257
211	0.615257
211	0.615257
211	0.615257
211	0.615257
211	0.615257
211	0.615257
211	0.604978
211	0.614401
211	0.615257
211	0.615257
211	0.566978
211	0.614767
211	0.615452
211	0.615257
212	0.614723
212	0.615257
212	0.526682
212	0.615499
212	0.591301
212	0.615257
212	0.613551
212	0.615257
212	0.605935
212	0.615499
212	0.615257
212	0.615122
212	0.615257
212	0.615499
212	0.615214
212	0.615257
212	0.615452
212	0.583405
212	0.615257
212	0.615257
213	0.615499
213	0.615452
213	0.615499
213	0.615499
213	0.615452
213	0.614768
213	0.615499
213	0.615452
213	0.615214
213	0.444723
213	0.615510
213	0.615452
213	0.548644
213	0.615499
213	0.615499
213	0.615431
213	0.578615
213	0.613683
213	0.615499
213	0.615257
214	0.615499
214	0.615499
214	0.615499
214	0.615510
214	0.567715
214	0.604616
214	0.615499
214	0.615510
214	0.615498
214	0.615499
214	0.584159
214	0.615499
214	0.615499
214	0.615499
214	0.607879
214	0.615510
214	0.615499
214	0.594063
214	0.595331
214	0.614938
215	0.615499
215	0.615510
215	0.615499
215	0.615499
215	0.615499
215	0.601380
215	0.614937
215	0.450367
215	0.615510
215	0.615510
215	0.615510
215	0.615510
215	0.615499
215	0.615510
215	0.615510
215	0.551277
215	0.610112
215	0.614349
215	0.605427
215	0.615376
216	0.615510
216	0.601673
216	0.615510
216	0.615510
216	0.612660
216	0.615510
216	0.599718
216	0.615510
216	0.545666
216	0.615473
216	0.615510
216	0.615510
216	0.615510
216	0.615510
216	0.615510
216	0.615450
216	0.609870
216	0.464341
216	0.615510
216	0.615510
217	0.615510
217	0.615510
217	0.615510
217	0.615510
217	0.615509
217	0.551571
217	0.615510
217	0.615510
217	0.583208
217	0.614509
217	0.615510
217	0.615510
217	0.615510
217	0.615510
217	0.540131
217	0.595816
217	0.615510
217	0.601957
217	0.615510
217	0.615510
218	0.615133
218	0.615510
218	0.615510
218	0.615510
218	0.615510
218	0.613611
218	0.615510
218	0.591739
218	0.615510
218	0.615510
218	0.614308
218	0.615510
218	0.597732
218	0.613011
218	0.615510
218	0.615510
218	0.506312
218	0.615510
218	0.615510
218	0.615619
219	0.615510
219	0.588383
219	0.615510
219	0.583059
219	0.615510
219	0.615610
219	0.614122
219	0.615510
219	0.609659
219	0.615510
219	0.613449
219	0.615510
219	0.615510
219	0.453788
219	0.615510
219	0.615619
219	0.615619
219	0.615510
219	0.611586
219	0.613840
220	0.615610
220	0.472072
220	0.574859
220	0.532838
220	0.591006
220	0.615510
220	0.615619
220	0.614330
220	0.614817
220	0.615619
220	0.614915
220	0.615510
220	0.615619
220	0.615619
220	0.615619
220	0.615510
220	0.615610
220	0.615510
220	0.615361
220	0.615126
221	0.615619
221	0.615619
221	0.615619
221	0.615619
221	0.615619
221	0.583665
221	0.596701
221	0.615619
221	0.615619
221	0.610069
221	0.615619
221	0.477788
221	0.615619
221	0.615619
221	0.615619
221	0.615619
221	0.615000
221	0.558900
221	0.615619
221	0.615619
222	0.615619
222	0.615619
222	0.604839
222	0.615587
222	0.615619
222	0.615619
222	0.583127
222	0.615346
222	0.615619
222	0.609965
222	0.615619
222	0.614255
222	0.441320
222	0.615574
222	0.615619
222	0.615619
222	0.615619
222	0.615619
222	0.615619
222	0.615619
223	0.615619
223	0.558137
223	0.615619
223	0.615619
223	0.600810
223	0.615619
223	0.615619
223	0.600642
223	0.615577
223	0.579252
223	0.615619
223	0.541167
223	0.615561
223	0.615619
223	0.615619
223	0.582187
223	0.571640
223	0.565851
223	0.615619
223	0.615619
224	0.615235
224	0.586949
224	0.615619
224	0.615619
224	0.609080
224	0.615619
224	0.615659
224	0.615132
224	0.615619
224	0.615619
224	0.615619
224	0.615619
224	0.595542
224	0.615619
224	0.615619
224	0.535257
224	0.615619
224	0.615619
224	0.614850
224	0.580431
225	0.615619
225	0.615619
225	0.615619
225	0.615619
225	0.615619
225	0.615619
225	0.498333
225	0.615659
225	0.612255
225	0.615619
225	0.583976
225	0.615619
225	0.610182
225	0.615460
225	0.613102
225	0.615649
225	0.614955
225	0.615619
225	0.615619
225	0.615781
226	0.594082
226	0.615619
226	0.615545
226	0.539135
226	0.615781
226	0.615659
226	0.615619
226	0.615619
226	0.615649
226	0.615619
226	0.615619
226	0.615619
226	0.615649
226	0.541098
226	0.615619
226	0.614834
226	0.615649
226	0.615659
226	0.534057
226	0.615659
227	0.615659
227	0.615781
227	0.615659
227	0.613199
227	0.608473
227	0.615646
227	0.567421
227	0.615619
227	0.615781
227	0.615649
227	0.607473
227	0.589207
227	0.615781
227	0.615659
227	0.626015
227	0.613004
227	0.615659
227	0.615659
227	0.615781
227	0.615649
228	0.610609
228	0.582207
228	0.615781
228	0.615781
228	0.615781
228	0.615781
228	0.615781
228	0.594750
228	0.615781
228	0.615781
228	0.626015
228	0.609453
228	0.609821
228	0.577768
228	0.615781
228	0.626015
228	0.615781
228	0.626015
228	0.602799
228	0.615781
229	0.626015
229	0.585862
229	0.488345
229	0.626015
229	0.615781
229	0.623728
229	0.626015
229	0.615781
229	0.615828
229	0.626015
229	0.626015
229	0.612256
229	0.615781
229	0.615781
229	0.626015
229	0.614524
229	0.609289
229	0.615781
229	0.626015
229	0.615781
230	0.609379
230	0.500952
230	0.626015
230	0.502656
230	0.626015
230	0.626015
230	0.626015
230	0.626015
230	0.520063
230	0.626015
230	0.626015
230	0.626015
230	0.626015
230	0.626015
230	0.626015
230	0.614656
230	0.626015
230	0.627521
230	0.624740
230	0.626015
231	0.625488
231	0.627521
231	0.626015
231	0.625920
231	0.627521
231	0.626015
231	0.626015
231	0.626015
231	0.631477
231	0.626015
231	0.627521
231	0.622682
231	0.627521
231	0.627521
231	0.627948
231	0.609639
231	0.626015
231	0.626015
231	0.625660
231	0.519910
232	0.631477
232	0.597255
232	0.627521
232	0.627521
232	0.627521
232	0.616357
232	0.553172
232	0.499625
232	0.627948
232	0.617976
232	0.627521
232	0.627521
232	0.627521
232	0.627948
232	0.631358
232	0.464884
232	0.628267
232	0.627521
232	0.627521
232	0.627948
233	0.630576
233	0.610614
233	0.625520
233	0.631358
233	0.631358
233	0.631358
233	0.628267
233	0.627948
233	0.627948
233	0.627948
233	0.555562
233	0.622307
233	0.631358
233	0.631477
233	0.632252
233	0.628267
233	0.629690
233	0.630232
233	0.631314
233	0.627948
234	0.632252
234	0.632252
234	0.632252
234	0.631358
234	0.631358
234	0.631358
234	0.601701
234	0.628416
234	0.632252
234	0.606165
234	0.631477
234	0.631358
234	0.423360
234	0.631358
234	0.631358
234	0.631358
234	0.631477
234	0.631131
234	0.535038
234	0.631477
235	0.632252
235	0.619290
235	0.632252
235	0.628884
235	0.628007
235	0.632252
235	0.627395
235	0.631477
235	0.632252
235	0.632471
235	0.632252
235	0.626441
235	0.632252
235	0.631623
235	0.631477
235	0.631477
235	0.632252
235	0.632252
235	0.632252
235	0.632252
236	0.632252
236	0.632471
236	0.632252
236	0.632252
236	0.632471
236	0.584708
236	0.632283
236	0.632252
236	0.564376
236	0.625436
236	0.632083
236	0.522388
236	0.629516
236	0.632252
236	0.632252
236	0.632252
236	0.541538
236	0.632252
236	0.632252
236	0.632252
237	0.632252
237	0.543004
237	0.466035
237	0.632471
237	0.492195
237	0.632471
237	0.632471
237	0.632303
237	0.632471
237	0.514615
237	0.632252
237	0.632471
237	0.568516
237	0.632252
237	0.632252
237	0.632283
237	0.632252
237	0.611136
237	0.632283
237	0.632471
238	0.632471
238	0.628366
238	0.621961
238	0.632471
238	0.567302
238	0.632471
238	0.602021
238	0.632471
238	0.619920
238	0.632471
238	0.632471
238	0.494247
238	0.632471
238	0.632471
238	0.632471
238	0.550222
238	0.632471
238	0.632471
238	0.632471
238	0.632471
239	0.632471
239	0.616398
239	0.617181
239	0.632471
239	0.632471
239	0.632471
239	0.632471
239	0.632471
239	0.632471
239	0.632471
239	0.632471
239	0.632471
239	0.562604
239	0.632471
239	0.632036
239	0.628154
239	0.631172
239	0.632457
239	0.632471
239	0.632471
240	0.628651
240	0.632471
240	0.539951
240	0.632471
240	0.632546
240	0.632471
240	0.632471
240	0.628980
240	0.632471
240	0.632471
240	0.632471
240	0.632471
240	0.632471
240	0.632471
240	0.632409
240	0.612701
240	0.632471
240	0.632471
240	0.632471
240	0.632471
241	0.630571
241	0.632471
241	0.632471
241	0.632471
241	0.632471
241	0.553416
241	0.600441
241	0.632471
241	0.632471
241	0.632471
241	0.629365
241	0.632471
241	0.601933
241	0.632471
241	0.632505
241	0.632471
241	0.605519
241	0.632471
241	0.632471
241	0.632471
242	0.632505
242	0.632471
242	0.614469
242	0.632466
242	0.632387
242	0.570643
242	0.632471
242	0.632505
242	0.594666
242	0.629789
242	0.632471
242	0.632471
242	0.618964
242	0.632306
242	0.632471
242	0.632471
242	0.620871
242	0.632471
242	0.632471
242	0.632471
243	0.632505
243	0.556434
243	0.590604
243	0.632471
243	0.632471
243	0.632471
243	0.574940
243	0.631390
243	0.632471
243	0.632471
243	0.632505
243	0.632505
243	0.632505
243	0.632471
243	0.581524
243	0.632505
243	0.625700
243	0.631578
243	0.632505
243	0.632471
244	0.624500
244	0.632505
244	0.628121
244	0.632505
244	0.632505
244	0.632505
244	0.632505
244	0.630804
244	0.632505
244	0.632505
244	0.632505
244	0.632508
244	0.632505
244	0.632505
244	0.632505
244	0.632505
244	0.503491
244	0.556791
244	0.568548
244	0.502835
245	0.561643
245	0.632505
245	0.569076
245	0.630378
245	0.632505
245	0.632505
245	0.632508
245	0.632505
245	0.632505
245	0.632505
245	0.632505
245	0.566143
245	0.632505
245	0.630279
245	0.632505
245	0.632505
245	0.632485
245	0.524580
245	0.632505
245	0.632508
246	0.632505
246	0.632505
246	0.605802
246	0.632505
246	0.542318
246	0.632505
246	0.632508
246	0.632508
246	0.632505
246	0.632304
246	0.552231
246	0.553064
246	0.632541
246	0.632508
246	0.632508
246	0.632505
246	0.632505
246	0.632171
246	0.625384
246	0.621827
247	0.632508
247	0.632508
247	0.632508
247	0.632541
247	0.632508
247	0.632508
247	0.632508
247	0.632541
247	0.632771
247	0.632508
247	0.632145
247	0.632508
247	0.621765
247	0.606236
247	0.602641
247	0.632508
247	0.632541
247	0.628971
247	0.632508
247	0.624564
248	0.499386
248	0.632508
248	0.632541
248	0.631073
248	0.640286
248	0.632771
248	0.632508
248	0.632541
248	0.632508
248	0.632541
248	0.623677
248	0.614874
248	0.632541
248	0.632771
248	0.632541
248	0.632541
248	0.632508
248	0.629628
248	0.632508
248	0.632508
249	0.473489
249	0.632771
249	0.632771
249	0.632771
249	0.632541
249	0.633045
249	0.640286
249	0.513127
249	0.632771
249	0.632541
249	0.632771
249	0.632764
249	0.632541
249	0.617301
249	0.632771
249	0.640286
249	0.632541
249	0.632541
249	0.595635
249	0.617130
250	0.623700
250	0.635109
250	0.632508
250	0.640018
250	0.635521
250	0.640286
250	0.628662
250	0.632508
250	0.633045
250	0.635521
250	0.640286
250	0.640286
250	0.631273
250	0.549317
250	0.630679
250	0.640286
250	0.632771
250	0.516999
250	0.632508
250	0.640286
251	0.640286
251	0.610351
251	0.640286
251	0.640286
251	0.640286
251	0.632772
251	0.640286
251	0.640286
251	0.640286
251	0.627757
251	0.640286
251	0.640286
251	0.640286
251	0.625378
251	0.640286
251	0.640286
251	0.640286
251	0.453986
251	0.622225
251	0.618145
252	0.640286
252	0.616989
252	0.563983
252	0.610101
252	0.634288
252	0.640286
252	0.640286
252	0.631007
252	0.577518
252	0.640286
252	0.642424
252	0.598187
252	0.572118
252	0.640286
252	0.640286
252	0.640286
252	0.640286
252	0.640286
252	0.636246
252	0.640286
253	0.640286
253	0.640286
253	0.640286
253	0.616159
253	0.640286
253	0.637305
253	0.640286
253	0.530811
253	0.640286
253	0.605183
253	0.599342
253	0.543979
253	0.640928
253	0.639274
253	0.624017
253	0.632811
253	0.640286
253	0.640286
253	0.642424
253	0.640286
254	0.640759
254	0.642424
254	0.640286
254	0.640928
254	0.620746
254	0.640286
254	0.640286
254	0.640286
254	0.642424
254	0.586016
254	0.642424
254	0.590657
254	0.642424
254	0.644697
254	0.642424
254	0.642424
254	0.639475
254	0.611755
254	0.642722
254	0.642424
255	0.642424
255	0.553937
255	0.642424
255	0.640341
255	0.642424
255	0.642424
255	0.642424
255	0.642722
255	0.548223
255	0.621346
255	0.642424
255	0.642424
255	0.598537
255	0.642722
255	0.623394
255	0.641476
255	0.615917
255	0.582196
255	0.642722
255	0.644132
256	0.642426
256	0.642722
256	0.644132
256	0.642722
256	0.644127
256	0.644132
256	0.613380
256	0.642424
256	0.602427
256	0.642722
256	0.622534
256	0.642722
256	0.642424
256	0.644254
256	0.644132
256	0.642424
256	0.644209
256	0.640880
256	0.639948
256	0.642722
257	0.599737
257	0.639958
257	0.644132
257	0.644209
257	0.636909
257	0.644132
257	0.642424
257	0.644940
257	0.644132
257	0.610861
257	0.644064
257	0.644119
257	0.644132
257	0.644209
257	0.644209
257	0.644132
257	0.644209
257	0.644254
257	0.624783
257	0.644254
258	0.642722
258	0.610110
258	0.641504
258	0.644254
258	0.642722
258	0.638482
258	0.644940
258	0.644209
258	0.644209
258	0.636344
258	0.643292
258	0.566780
258	0.644209
258	0.454446
258	0.644254
258	0.644940
258	0.624410
258	0.624410
258	0.644254
258	0.644254
259	0.644254
259	0.566252
259	0.644254
259	0.644940
259	0.577962
259	0.637796
259	0.642841
259	0.644254
259	0.644254
259	0.644254
259	0.644254
259	0.644254
259	0.644834
259	0.544116
259	0.643953
259	0.573368
259	0.642727
259	0.644940
259	0.644254
259	0.644254
260	0.641141
260	0.540645
260	0.644254
260	0.606324
260	0.644254
260	0.609954
260	0.644580
260	0.644834
260	0.644834
260	0.644940
260	0.644834
260	0.536439
260	0.644740
260	0.644991
260	0.644740
260	0.644254
260	0.644948
260	0.644940
260	0.644940
260	0.639950
261	0.622853
261	0.644940
261	0.622333
261	0.644948
261	0.644940
261	0.644940
261	0.644940
261	0.633851
261	0.644940
261	0.644940
261	0.620961
261	0.595135
261	0.644991
261	0.550556
261	0.644940
261	0.644948
261	0.644940
261	0.644940
261	0.644940
261	0.590403
262	0.644790
262	0.644948
262	0.644940
262	0.644948
262	0.581378
262	0.644948
262	0.644948
262	0.644948
262	0.644940
262	0.644948
262	0.645427
262	0.536913
262	0.644948
262	0.644940
262	0.645074
262	0.625630
262	0.638862
262	0.644991
262	0.607096
262	0.644765
263	0.644948
263	0.645074
263	0.645080
263	0.547213
263	0.644948
263	0.644991
263	0.644991
263	0.641345
263	0.643075
263	0.644991
263	0.644948
263	0.645263
263	0.511788
263	0.645427
263	0.647206
263	0.644647
263	0.644948
263	0.411897
263	0.644991
263	0.644948
264	0.640690
264	0.644948
264	0.645263
264	0.646180
264	0.645080
264	0.547563
264	0.645080
264	0.645427
264	0.642814
264	0.645427
264	0.637242
264	0.645080
264	0.584821
264	0.645427
264	0.642980
264	0.647635
264	0.645263
264	0.635454
264	0.464980
264	0.645427
265	0.565214
265	0.646180
265	0.645427
265	0.645427
265	0.579300
265	0.469702
265	0.645427
265	0.647635
265	0.614542
265	0.646180
265	0.645427
265	0.593428
265	0.644696
265	0.647635
265	0.645427
265	0.645427
265	0.643409
265	0.646990
265	0.615887
265	0.645074
266	0.647635
266	0.646180
266	0.560540
266	0.584283
266	0.643596
266	0.647635
266	0.646990
266	0.647206
266	0.563337
266	0.647635
266	0.637035
266	0.578982
266	0.646180
266	0.646180
266	0.647635
266	0.646180
266	0.647267
266	0.647635
266	0.646990
266	0.606398
267	0.647635
267	0.647653
267	0.647635
267	0.645316
267	0.647635
267	0.534046
267	0.609586
267	0.647635
267	0.647635
267	0.556100
267	0.542288
267	0.647635
267	0.647635
267	0.647635
267	0.601474
267	0.647635
267	0.611293
267	0.647635
267	0.647635
267	0.647635
268	0.647635
268	0.647635
268	0.647635
268	0.647635
268	0.552265
268	0.493572
268	0.635403
268	0.524296
268	0.647653
268	0.580488
268	0.647635
268	0.647635
268	0.647635
268	0.647635
268	0.647635
268	0.647635
268	0.647635
268	0.644676
268	0.647635
268	0.647635
269	0.647653
269	0.647635
269	0.601499
269	0.639936
269	0.647635
269	0.643980
269	0.638739
269	0.647594
269	0.647635
269	0.647635
269	0.647635
269	0.647653
269	0.639921
269	0.647635
269	0.647653
269	0.647653
269	0.647653
269	0.647635
269	0.647635
269	0.642675
270	0.647347
270	0.647959
270	0.647653
270	0.647653
270	0.636593
270	0.647653
270	0.647116
270	0.647653
270	0.647653
270	0.644801
270	0.647653
270	0.647653
270	0.647653
270	0.641289
270	0.647653
270	0.647653
270	0.647653
270	0.647550
270	0.635876
270	0.575156
271	0.642627
271	0.647653
271	0.575218
271	0.638956
271	0.647653
271	0.647653
271	0.647653
271	0.647653
271	0.647653
271	0.647959
271	0.562010
271	0.647653
271	0.630698
271	0.610667
271	0.647653
271	0.647653
271	0.647959
271	0.647653
271	0.647959
271	0.647959
272	0.647653
272	0.640559
272	0.647959
272	0.647959
272	0.647653
272	0.644791
272	0.604456
272	0.647959
272	0.647959
272	0.647959
272	0.647733
272	0.528013
272	0.627758
272	0.647653
272	0.648023
272	0.647959
272	0.647959
272	0.647414
272	0.647959
272	0.647959
273	0.647959
273	0.647959
273	0.648023
273	0.647959
273	0.640640
273	0.648023
273	0.647808
273	0.527806
273	0.647959
273	0.603678
273	0.647959
273	0.647959
273	0.641700
273	0.647959
273	0.647959
273	0.570847
273	0.647959
273	0.647959
273	0.647770
273	0.647959
274	0.648023
274	0.572266
274	0.647959
274	0.538509
274	0.648023
274	0.647855
274	0.649192
274	0.648023
274	0.647959
274	0.647959
274	0.647959
274	0.648023
274	0.647959
274	0.647959
274	0.647959
274	0.649399
274	0.648091
274	0.648023
274	0.644223
274	0.647959
275	0.648023
275	0.648549
275	0.648091
275	0.649420
275	0.632450
275	0.648476
275	0.530482
275	0.647959
275	0.650545
275	0.649399
275	0.648023
275	0.648023
275	0.642729
275	0.649192
275	0.649399
275	0.569569
275	0.518820
275	0.649192
275	0.647959
275	0.649192
276	0.627346
276	0.586227
276	0.647382
276	0.649420
276	0.586196
276	0.650545
276	0.649192
276	0.649420
276	0.601199
276	0.649319
276	0.651117
276	0.622927
276	0.649420
276	0.650545
276	0.649420
276	0.649399
276	0.649399
276	0.649399
276	0.650545
276	0.651117
277	0.650545
277	0.649192
277	0.651117
277	0.518862
277	0.648519
277	0.639652
277	0.650545
277	0.645124
277	0.651117
277	0.651117
277	0.567167
277	0.651816
277	0.502148
277	0.650545
277	0.650545
277	0.650545
277	0.651117
277	0.650545
277	0.650545
277	0.621067
278	0.593622
278	0.651117
278	0.651117
278	0.651117
278	0.650324
278	0.651117
278	0.651117
278	0.651117
278	0.645697
278	0.651117
278	0.651117
278	0.581282
278	0.639616
278	0.588858
278	0.651117
278	0.651117
278	0.651816
278	0.651816
278	0.651117
278	0.651117
279	0.500013
279	0.652282
279	0.651816
279	0.651816
279	0.651816
279	0.651949
279	0.651117
279	0.651117
279	0.651094
279	0.651816
279	0.651816
279	0.651609
279	0.649849
279	0.651117
279	0.651117
279	0.651117
279	0.651117
279	0.643832
279	0.636259
279	0.622756
280	0.649260
280	0.651816
280	0.650120
280	0.651816
280	0.643739
280	0.651816
280	0.600973
280	0.651816
280	0.609348
280	0.651816
280	0.599094
280	0.651816
280	0.651816
280	0.651816
280	0.652282
280	0.651949
280	0.652282
280	0.651816
280	0.651816
280	0.651544
281	0.652282
281	0.651816
281	0.651816
281	0.594073
281	0.651816
281	0.651816
281	0.652272
281	0.651949
281	0.651627
281	0.651816
281	0.642768
281	0.544318
281	0.651816
281	0.649976
281	0.600896
281	0.642206
281	0.651949
281	0.651826
281	0.651816
281	0.651949
282	0.649565
282	0.651949
282	0.652455
282	0.651949
282	0.651816
282	0.651949
282	0.640539
282	0.651949
282	0.647970
282	0.645588
282	0.651826
282	0.651949
282	0.651949
282	0.651949
282	0.651949
282	0.639026
282	0.651949
282	0.651826
282	0.628924
282	0.651821
283	0.652021
283	0.651949
283	0.651949
283	0.651728
283	0.649047
283	0.532582
283	0.554980
283	0.651949
283	0.548996
283	0.644903
283	0.651949
283	0.652455
283	0.510029
283	0.651949
283	0.652455
283	0.651949
283	0.639580
283	0.652455
283	0.651949
283	0.652455
284	0.652455
284	0.652455
284	0.494919
284	0.652455
284	0.619001
284	0.652446
284	0.647247
284	0.652455
284	0.652021
284	0.652455
284	0.652455
284	0.617036
284	0.652455
284	0.652455
284	0.652455
284	0.652455
284	0.596213
284	0.652455
284	0.566577
284	0.652455
285	0.625570
285	0.652455
285	0.652455
285	0.652455
285	0.627740
285	0.652455
285	0.649231
285	0.596670
285	0.652455
285	0.630415
285	0.652455
285	0.652455
285	0.652455
285	0.652455
285	0.652455
285	0.652455
285	0.641076
285	0.652324
285	0.652455
285	0.652455
286	0.652515
286	0.652455
286	0.640431
286	0.652455
286	0.652455
286	0.644351
286	0.652455
286	0.588331
286	0.634506
286	0.652455
286	0.652455
286	0.652455
286	0.649530
286	0.652455
286	0.652455
286	0.652455
286	0.652455
286	0.652455
286	0.648392
286	0.602855
287	0.652455
287	0.652455
287	0.644595
287	0.651243
287	0.652455
287	0.652455
287	0.652515
287	0.629706
287	0.608382
287	0.652455
287	0.606088
287	0.652455
287	0.652455
287	0.652455
287	0.652455
287	0.627919
287	0.652570
287	0.652169
287	0.652627
287	0.652455
288	0.652515
288	0.652570
288	0.616922
288	0.652455
288	0.652570
288	0.652455
288	0.652455
288	0.652570
288	0.651332
288	0.652455
288	0.652455
288	0.640033
288	0.652515
288	0.652455
288	0.652515
288	0.476232
288	0.607513
288	0.652455
288	0.652570
288	0.650824
289	0.652570
289	0.650058
289	0.652570
289	0.649332
289	0.652570
289	0.652602
289	0.652570
289	0.652515
289	0.652847
289	0.652570
289	0.652515
289	0.652515
289	0.650081
289	0.584202
289	0.652515
289	0.631726
289	0.652515
289	0.652570
289	0.652515
289	0.624243
290	0.652848
290	0.652570
290	0.652515
290	0.639876
290	0.630370
290	0.652570
290	0.577139
290	0.650404
290	0.652570
290	0.620906
290	0.652570
290	0.652763
290	0.652570
290	0.642382
290	0.652570
290	0.652570
290	0.652515
290	0.652570
290	0.652570
290	0.573894
291	0.560789
291	0.484015
291	0.652570
291	0.653184
291	0.652843
291	0.652763
291	0.652570
291	0.652848
291	0.652763
291	0.652848
291	0.652848
291	0.652570
291	0.629650
291	0.652763
291	0.652570
291	0.652848
291	0.647077
291	0.650399
291	0.652570
291	0.652570
292	0.531418
292	0.652848
292	0.648447
292	0.653184
292	0.607139
292	0.652848
292	0.652848
292	0.626292
292	0.653173
292	0.652848
292	0.652848
292	0.574493
292	0.652848
292	0.652848
292	0.652848
292	0.652848
292	0.652848
292	0.652848
292	0.604763
292	0.653184
293	0.648534
293	0.646138
293	0.653070
293	0.623989
293	0.653184
293	0.652848
293	0.652848
293	0.653184
293	0.654273
293	0.652848
293	0.651961
293	0.653184
293	0.652848
293	0.642036
293	0.652848
293	0.652848
293	0.652848
293	0.625619
293	0.652848
293	0.549010
294	0.627298
294	0.637051
294	0.654783
294	0.570860
294	0.650227
294	0.653070
294	0.653184
294	0.654273
294	0.653184
294	0.653184
294	0.653184
294	0.618461
294	0.653184
294	0.654083
294	0.653184
294	0.652821
294	0.559686
294	0.653184
294	0.653184
294	0.653184
295	0.654083
295	0.645420
295	0.654273
295	0.653184
295	0.614143
295	0.653184
295	0.654783
295	0.515721
295	0.654996
295	0.654783
295	0.644314
295	0.594508
295	0.653184
295	0.654273
295	0.654273
295	0.648274
295	0.653184
295	0.654783
295	0.653184
295	0.654783
296	0.654783
296	0.654783
296	0.634527
296	0.621514
296	0.654783
296	0.653452
296	0.654783
296	0.654273
296	0.480779
296	0.654783
296	0.654783
296	0.654273
296	0.507257
296	0.654783
296	0.654783
296	0.654273
296	0.654783
296	0.643482
296	0.654783
296	0.654627
297	0.654783
297	0.654783
297	0.613845
297	0.654643
297	0.655211
297	0.654783
297	0.543534
297	0.654783
297	0.591533
297	0.654783
297	0.654783
297	0.654783
297	0.654783
297	0.654783
297	0.643533
297	0.602294
297	0.654783
297	0.654783
297	0.654783
297	0.654783
298	0.634274
298	0.620981
298	0.654783
298	0.655225
298	0.654783
298	0.654783
298	0.654783
298	0.654783
298	0.655211
298	0.654783
298	0.654783
298	0.654783
298	0.587399
298	0.654705
298	0.654783
298	0.654783
298	0.654783
298	0.654783
298	0.641650
298	0.654785
299	0.654783
299	0.654783
299	0.655211
299	0.654783
299	0.622223
299	0.645192
299	0.567644
299	0.655225
299	0.654783
299	0.654785
299	0.654785
299	0.655209
299	0.514888
299	0.654785
299	0.655225
299	0.608872
299	0.622064
299	0.654783
299	0.655211
299	0.557809
